station_group_slug,station_name_hiragana,station_name_katakana,station_name_initial_kana,note
afurijinja-kanagawa-iseharashi,あふりじんじゃ,アフリジンジャ,あ,
ai.chikyuuhiroshikinenkouen-aichi-nagakuteshi,あい・ちきゅうはくきねんこうえん,アイ・チキュウハクキネンコウエン,あ,中黒は駅名の一部
aina-hyogo-koubeshi,あいな,アイナ,あ,
airandokitaguchi-hyogo-koubeshi,あいらんどきたぐち,アイランドキタグチ,あ,
airandosentaa-hyogo-koubeshi,あいらんどせんたー,アイランドセンター,あ,
ajikesawa-aomori-ajisawamachi,あじがさわ,アジガサワ,あ,
ajikeura-ibaraki-hitachinakashi,あじがうら,アジガウラ,あ,
ajima-aichi-nagoyashi,あじま,アジマ,あ,鋺=ま は地名固有の読み
akitashirakami-akita-hachiminemachi,あきたしらかみ,アキタシラカミ,あ,
amagasakisentaapuurumae-hyogo-amagasakishi,あまがさきせんたーぷーるまえ,アマガサキセンタープールマエ,あ,
amakesaka-aichi-nagoyashi,あまがさか,アマガサカ,あ,
amaketsuji-nara-narashi,あまがつじ,アマガツジ,あ,
amarube-hyogo-kagamimachi,あまるべ,アマルベ,あ,餘部の読み
anegasaki-chiba-ichiharashi,あねがさき,アネガサキ,あ,
animatagi-akita-kitaakitashi,あにまたぎ,アニマタギ,あ,
aonokehara-hyogo-onoshi,あおのがはら,アオノガハラ,あ,
aputoichishiro-shizuoka-kawanehonmachi,あぷといちしろ,アプトイチシロ,あ,
ariaketenisunomori-tokyo-koutouku,ありあけてにすのもり,アリアケテニスノモリ,あ,
asahigaoka-miyagi-sendaishi,あさひがおか,アサヒガオカ,あ,
asahigaoka-miyazaki-nobeokashi,あさひがおか,アサヒガオカ,あ,
asahigaoka-toyama-takaokashi,あさひがおか,アサヒガオカ,あ,
asahikeoka-shimane-matsueshi,あさひがおか,アサヒガオカ,あ,
asaketani-tokyo-suginamiku,あさがや,アサガヤ,あ,
asakurajinjamae-kochi-kouchishi,あさくらじんじゃまえ,アサクラジンジャマエ,あ,
ashikagafurawaapaaku-tochigi-ashikagashi,あしかがふらわーぱーく,アシカガフラワーパーク,あ,
ashikekubo-saitama-yokozemachi,あしがくぼ,アシガクボ,あ,
ashikese-iwate-toonoshi,あしがせ,アシガセ,あ,
ashinomakionsen-fukushima-aizuwakamatsushi,あしのまきおんせん,アシノマキオンセン,あ,
ashinomakionsenminami-fukushima-aizuwakamatsushi,あしのまきおんせんみなみ,アシノマキオンセンミナミ,あ,
asumomae-shizuoka-koseishi,あすもまえ,アスモマエ,あ,
awakesaki-ishikawa-uchinadamachi,あわがさき,アワガサキ,あ,
awashima（oosakayashoppumae）-toyama-toyamashi,あわしま（おおさかやしょっぷまえ）,アワシマ（オオサカヤショップマエ）,あ,
ayanomachi-osaka-sakaishi,あやのまち,アヤノマチ,あ,
basusentaamae-hokkaido-sapporoshi,ばすせんたーまえ,バスセンターマエ,は,
beisaido･suteeshon-chiba-urayasushi,べいさいど・すてーしょん,ベイサイド・ステーション,は,
berumae-fukui-fukuishi,べるまえ,ベルマエ,は,
bitchuukamishiro-okayama-niimishi,びっちゅうこうじろ,ビッチュウコウジロ,は,神代=こうじろ は当駅固有の読み
bokushisato-shizuoka-izushi,まきのさと,マキノサト,ま,牧之郷=まきのさと
bouekisentaa-hyogo-koubeshi,ぼうえきせんたー,ボウエキセンター,は,
chayakesaka-aichi-nagoyashi,ちゃやがさか,チャヤガサカ,た,
chibanyuutaunchuuou-chiba-inzaishi,ちばにゅーたうんちゅうおう,チバニュータウンチュウオウ,た,
chigasaki-kanagawa-chigasakishi,ちがさき,チガサキ,た,
chikusentaa-chiba-sakurashi,ちくせんたー,チクセンター,た,
chitetsubirumae-toyama-toyamashi,ちてつびるまえ,チテツビルマエ,た,
chiyokeoka-hokkaido-asahikawashi,ちよがおか,チヨガオカ,た,
chokese-gifu-kagamiharashi,おがせ,オガセ,あ,苧ヶ瀬=おがせ
choujakehamashiosaihamanasukouenmae-ibaraki-kashimashi,ちょうじゃがはましおさいはまなすこうえんまえ,チョウジャガハマシオサイハマナスコウエンマエ,た,
choutanoura-mie-suzukashi,なごのうら,ナゴノウラ,な,長太=なご は地名固有の読み
chuuoudaigaku.meiseidaigaku-tokyo-hachioujishi,ちゅうおうだいがく・めいせいだいがく,チュウオウダイガク・メイセイダイガク,た,中黒は駅名の一部
daijin-oita-hinodemachi,おおが,オオガ,あ,大神=おおが（日豊本線）
daijinguushita-chiba-funabashishi,だいじんぐうした,ダイジングウシタ,た,
denkibirumae-toyama-toyamashi,でんきびるまえ,デンキビルマエ,た,
dentetsutaaminarubirumae-kochi-kouchishi,でんてつたーみなるびるまえ,デンテツターミナルビルマエ,た,
dentetsutoyamaeki.esutamae-toyama-toyamashi,でんてつとやまえき・えすたまえ,デンテツトヤマエキ・エスタマエ,た,中黒は駅名の一部
doomumae-osaka-oosakashi,どーむまえ,ドームマエ,た,
doomumaechiyozaki-osaka-oosakashi,どーむまえちよざき,ドームマエチヨザキ,た,
doushishamae-kyoto-kyoutanabeshi,どうししゃまえ,ドウシシャマエ,た,
echigohorinouchi-niigata-uonumashi,えちごほりのうち,エチゴホリノウチ,あ,
eganosou-osaka-habikinoshi,えがのしょう,エガノショウ,あ,
eikeshima-hyogo-akashishi,えいがしま,エイガシマ,あ,
enshuunishikesaki-shizuoka-hamamatsushi,えんしゅうにしがさき,エンシュウニシガサキ,あ,
erinono-kochi-sagawamachi,えりのの,エリノノ,あ,
etsukehama-yamaguchi-hagishi,こしがはま,コシガハマ,か,越ヶ浜=こしがはま
etsunokata-toyama-imizushi,こしのかた,コシノカタ,か,越ノ潟=こしのかた
famiriikouenmae-nara-yamatokooriyamashi,ふぁみりーこうえんまえ,ファミリーコウエンマエ,は,
feriitaaminaru-osaka-oosakashi,ふぇりーたーみなる,フェリーターミナル,は,
fujifuirumumae-kanagawa-minamiashigarashi,ふじふいるむまえ,フジフイルムマエ,は,
fujikyuuhairando-yamanashi-fujikawaguchikomachi,ふじきゅうはいらんど,フジキュウハイランド,は,
fujimikeoka-tokyo-suginamiku,ふじみがおか,フジミガオカ,は,
fujinoki-fukuoka-kitakyuushuushi,ふじのき,フジノキ,は,
fujitekkumae-shiga-hikoneshi,ふじてっくまえ,フジテックマエ,は,
fukujin-nara-ooyodomachi,ふくじん,フクジン,は,
furawaataun-hyogo-mitashi,ふらわーたうん,フラワータウン,は,
furuutsupaaku-shizuoka-hamamatsushi,ふるーつぱーく,フルーツパーク,は,
futagamijinjakuchi-nara-katsuragishi,ふたかみじんじゃぐち,フタカミジンジャグチ,は,
gaarayuzawa-niigata-yuzawamachi,がーらゆざわ,ガーラユザワ,か,
gakkennaratomikeoka-nara-ikomashi,がっけんならとみがおか,ガッケンナラトミガオカ,か,
gannosu-fukuoka-fukuokashi,がんのす,ガンノス,か,
gatsukeseguchi-kyoto-minamiyamashiromura,つきがせぐち,ツキガセグチ,た,
geibikei-iwate-ichizekishi,げいびけい,ゲイビケイ,か,
genbakudoomumae-hiroshima-hiroshimashi,げんばくどーむまえ,ゲンバクドームマエ,か,
gonosan-aichi-yatomishi,ごのさん,ゴノサン,か,
gosha-hyogo-koubeshi,ごしゃ,ゴシャ,か,
gunmasouja-gunma-maebashishi,ぐんまそうじゃ,グンマソウジャ,か,
gurandopurazamae-toyama-toyamashi,ぐらんどぷらざまえ,グランドプラザマエ,か,
gurandotoori-kochi-kouchishi,ぐらんどどおり,グランドドオリ,か,
haabaarando-hyogo-koubeshi,はーばーらんど,ハーバーランド,は,
haamoniihooru-fukui-fukuishi,はーもにーほーる,ハーモニーホール,は,
hachinohenosato-osaka-higashioosakashi,やとのさと,ヤトノサト,や,八戸=やと（近鉄奈良線）
hachitsushima-fukui-fukuishi,やつしま,ヤツシマ,や,
haginochaya-osaka-oosakashi,はぎのちゃや,ハギノチャヤ,は,
hagiwaratenjin-osaka-sakaishi,はぎわらてんじん,ハギワラテンジン,は,
hajinosato-osaka-fujiiderashi,はじのさと,ハジノサト,は,
hakodateariinamae-hokkaido-hakodateshi,はこだてありーなまえ,ハコダテアリーナマエ,は,
hakonekesaki-tokyo-mizuhomachi,はこねがさき,ハコネガサキ,は,
hamachouaakeedo-nagasaki-nagasakishi,はまのまちあーけーど,ハマノマチアーケード,は,浜町=はまのまち（長崎）
hanedakuukoudai1.dai2taaminaru-tokyo-ootaku,はねだくうこうだいいち・だいにたーみなる,ハネダクウコウダイイチ・ダイニターミナル,は,中黒は駅名の一部
hanedakuukoudai1taaminaru-tokyo-ootaku,はねだくうこうだいいちたーみなる,ハネダクウコウダイイチターミナル,は,
hanedakuukoudai2taaminaru-tokyo-ootaku,はねだくうこうだいにたーみなる,ハネダクウコウダイニターミナル,は,
hanedakuukoudai3taaminaru-tokyo-ootaku,はねだくうこうだいさんたーみなる,ハネダクウコウダイサンターミナル,は,
hanenoura-tokushima-ananshi,はのうら,ハノウラ,は,
hanshinkokudou-hyogo-nishinomiyashi,はんしんこくどう,ハンシンコクドウ,は,
haranomachi-fukushima-minamisoumashi,はらのまち,ハラノマチ,は,
hasukeike-miyazaki-miyazakishi,はすがいけ,ハスガイケ,は,
hatagaya-tokyo-shibuyaku,はたがや,ハタガヤ,は,
hatoketani-saitama-kawaguchishi,はとがや,ハトガヤ,は,
hatonosu-tokyo-okutamamachi,はとのす,ハトノス,は,
hattoritenjin-osaka-toyonakashi,はっとりてんじん,ハットリテンジン,は,
hausutenbosu-nagasaki-saseboshi,はうすてんぼす,ハウステンボス,は,
hibarikeoka-tokyo-nishitoukyoushi,ひばりがおか,ヒバリガオカ,は,
hidaichinomiya-gifu-takayamashi,ひだいちのみや,ヒダイチノミヤ,は,
higashiisahaya-nagasaki-soushi,ひがしいさはや,ヒガシイサハヤ,は,
higashikanagawa-kanagawa-yokohamashi,ひがしかながわ,ヒガシカナガワ,は,
higashinakakami-tokyo-akishimashi,ひがしなかがみ,ヒガシナカガミ,は,中神=なかがみ
higashiyama.okadenmyuujiamu-okayama-okayamashi,ひがしやま・おかでんみゅーじあむ,ヒガシヤマ・オカデンミュージアム,は,中黒は駅名の一部
hikifune-tokyo-sumidaku,ひきふね,ヒキフネ,は,
hinaguonsen-kumamoto-yashiroshi,ひなぐおんせん,ヒナグオンセン,は,
hirekesaki-chiba-nagareyamashi,ひれがさき,ヒレガサキ,は,
hirodenhonshamae-hiroshima-hiroshimashi,ひろでんほんしゃまえ,ヒロデンホンシャマエ,は,
hirokamiko-gifu-koubemachi,ひろごうど,ヒロゴウド,は,神戸=ごうど（岐阜県の読み）
hirokawabiichi-wakayama-hirogawamachi,ひろかわびーち,ヒロカワビーチ,は,
hodogaya-kanagawa-yokohamashi,ほどがや,ホドガヤ,は,
honisahaya（isahayashiyakushomae）-nagasaki-soushi,ほんいさはや（いさはやしやくしょまえ）,ホンイサハヤ（イサハヤシヤクショマエ）,は,
horinonai-kanagawa-yokosukashi,ほりのうち,ホリノウチ,は,
hoshikeoka-aichi-nagoyashi,ほしがおか,ホシガオカ,は,
hoshikeoka-osaka-hirakatashi,ほしがおか,ホシガオカ,は,
ichigaya-tokyo-chiyodaku,いちがや,イチガヤ,あ,
ichigaya-tokyo-shinjukuku,いちがや,イチガヤ,あ,
ichinoe-tokyo-edogawaku,いちのえ,イチノエ,あ,
ichinoseki-iwate-ichizekishi,いちのせき,イチノセキ,あ,
ichinowari-saitama-kasukabeshi,いちのわり,イチノワリ,あ,
ichitsuki-aichi-kariyashi,ひとつき,ヒトツキ,は,一ツ木=ひとつき
idoketani-kanagawa-yokohamashi,いどがや,イドガヤ,あ,
igakoube-mie-igashi,いがかんべ,イガカンベ,あ,神戸=かんべ（伊賀の読み）
ikarikekan-aomori-hirakawashi,いかりがせき,イカリガセキ,あ,
ikenoue-tokyo-setagayaku,いけのうえ,イケノウエ,あ,
inabasha-tottori-tottorishi,いなばやしろ,イナバヤシロ,あ,要確認
inamurakesaki-kanagawa-kamakurashi,いなむらがさき,イナムラガサキ,あ,
intekkuhonshamae-toyama-toyamashi,いんてっくほんしゃまえ,インテックホンシャマエ,あ,
irikeikekouen-aichi-nagakuteshi,いりがいけこうえん,イリガイケコウエン,あ,杁=いり は地名固有
iryousentaa-hyogo-koubeshi,いりょうせんたー,イリョウセンター,あ,
isahaya-nagasaki-soushi,いさはや,イサハヤ,あ,
isahayahigashikoukou-nagasaki-soushi,いさはやひがしこうこう,イサハヤヒガシコウコウ,あ,
isahaya（unzen.shimabarakuchi）-nagasaki-soushi,いさはや（うんぜん・しまばらぐち）,イサハヤ（ウンゼン・シマバラグチ）,あ,中黒は駅名の一部
ishigamimae-tokyo-oumeshi,いしがみまえ,イシガミマエ,あ,
ishikawapuurumae-aomori-hirosakishi,いしかわぷーるまえ,イシカワプールマエ,あ,
ishiuchidamu-kumamoto-joushi,いしうちだむ,イシウチダム,あ,
isonoura-wakayama-wakayamashi,いそのうら,イソノウラ,あ,
issha-aichi-nagoyashi,いっしゃ,イッシャ,あ,
isuzukeoka-mie-iseshi,いすずがおか,イスズガオカ,あ,
iwaharasukiibamae-niigata-yuzawamachi,いわっぱらすきーじょうまえ,イワッパラスキージョウマエ,あ,岩原=いわっぱら
iwanoshita-iwate-ichizekishi,いわのした,イワノシタ,あ,
izumigaoka-osaka-sakaishi,いずみがおか,イズミガオカ,あ,
izumojinzai-shimane-izumoshi,いずもじんざい,イズモジンザイ,あ,神西=じんざい
izumokagakukanpaakutaunmae-shimane-izumoshi,いずもかがくかんぱーくたうんまえ,イズモカガクカンパークタウンマエ,あ,
izumotaishamae-shimane-izumoshi,いずもたいしゃまえ,イズモタイシャマエ,あ,
jinbohara-saitama-kamizatomachi,じんぼはら,ジンボハラ,さ,
jinbouchou-tokyo-chiyodaku,じんぼうちょう,ジンボウチョウ,さ,町=ちょう
jinguuji-akita-daisenshi,じんぐうじ,ジングウジ,さ,
jinguumae-aichi-nagoyashi,じんぐうまえ,ジングウマエ,さ,
jinguumarutamachi-kyoto-kyoutoshi,じんぐうまるたまち,ジングウマルタマチ,さ,
jinguunishi-aichi-nagoyashi,じんぐうにし,ジングウニシ,さ,
jinmachi-yamagata-higashineshi,じんまち,ジンマチ,さ,
jinmei-fukui-sabaeshi,しんめい,シンメイ,さ,
jinmutera-kanagawa-zushishi,じんむじ,ジンムジ,さ,寺=じ
jinzuikousaten-kumamoto-kumamotoshi,くわみずこうさてん,クワミズコウサテン,か,神水=くわみず（熊本の読み）
jiyatokomae-shizuoka-fujishi,じやとこまえ,ジヤトコマエ,さ,
jiyuugaoka-aichi-nagoyashi,じゆうがおか,ジユウガオカ,さ,
jouetsukokusaisukiibamae-niigata-minamiuonumashi,じょうえつこくさいすきーじょうまえ,ジョウエツコクサイスキージョウマエ,さ,
jougasakikaigan-shizuoka-itoushi,じょうがさきかいがん,ジョウガサキカイガン,さ,
joumonshouketa-akita-kitaakitashi,じょうもんおがた,ジョウモンオガタ,さ,
joushuuichinomiya-gunma-tomiokashi,じょうしゅういちのみや,ジョウシュウイチノミヤ,さ,上州=じょうしゅう
juufukeuromikishi-iwate-nodamura,じゅうふがうらかいがん,ジュウフガウラカイガン,さ,十府=じゅうふ
juunokou-osaka-oosakashi,すみのえ,スミノエ,さ,
jvirejji-fukushima-narahamachi,じぇいびれっじ,ジェイビレッジ,さ,要確認
kagamikehara-gifu-kagamiharashi,かがみがはら,カガミガハラ,か,
kaguraoka-hokkaido-asahikawashi,かぐらおか,カグラオカ,か,
kagurazaka-tokyo-shinjukuku,かぐらざか,カグラザカ,か,
kaikonosha-kyoto-kyoutoshi,かいこのやしろ,カイコノヤシロ,か,蚕ノ社=かいこのやしろ
kairakuen-ibaraki-mitoshi,かいらくえん,カイラクエン,か,
kakarikan-hokkaido-morimachi,かかりま,カカリマ,か,澗=ま
kakikeshima-fukui-oonoshi,かきがしま,カキガシマ,か,
kamakefuchi-toyama-tateyamamachi,かまがふち,カマガフチ,か,
kamaketani-chiba-kamagayashi,かまがや,カマガヤ,か,
kamaketanidaibutsu-chiba-kamagayashi,かまがやだいぶつ,カマガヤダイブツ,か,
kamanohana-nagasaki-soushi,かまのはな,カマノハナ,か,
kameidosuijin-tokyo-koutouku,かめいどすいじん,カメイドスイジン,か,
kamihatake-nagano-uedashi,かみはたけ,カミハタケ,か,要確認
kamiishikamii-tokyo-nerimaku,かみしゃくじい,カミシャクジイ,か,
kamiizumi-tokyo-shibuyaku,しんせん,シンセン,さ,
kamijou-nagano-hakubamura,かみしろ,カミシロ,か,神城=かみしろ
kamikanbai-gunma-midorishi,かみかんばい,カミカンバイ,か,
kamikokorozashiyama-mie-mihamamachi,こうしやま,コウシヤマ,か,神志山=こうしやま
kamime-okayama-kumenanmachi,こうめ,コウメ,か,
kamimuragakuenmae-kagoshima-ichikikushikinoshi,かみむらがくえんまえ,カミムラガクエンマエ,か,
kaminogou-mie-shimashi,かみのごう,カミノゴウ,か,
kaminoki-osaka-oosakashi,かみのき,カミノキ,か,
kamio-shizuoka-shimadashi,かみお,カミオ,か,
kamisawa-aichi-nagoyashi,かみさわ,カミサワ,か,
kamishiro-akita-senbokushi,じんだい,ジンダイ,さ,神代=じんだい（田沢湖線）
kamishiro-yamaguchi-iwakunishi,こうじろ,コウジロ,か,神代=こうじろ 要確認
kamishiro（nabeshimateizen）-nagasaki-unzenshi,こうじろ（なべしまていまえ）,コウジロ（ナベシマテイマエ）,か,神代=こうじろ（島原鉄道）
kamisugi-hiroshima-mitsugishi,かみすぎ,カミスギ,か,
kamiya-shizuoka-fujishi,かみや,カミヤ,か,
kamiyachou-tokyo-minatoku,かみやちょう,カミヤチョウ,か,町=ちょう
kamiyama-niigata-aganoichi,かみやま,カミヤマ,か,
kamiyashiro-aichi-nagoyashi,かみやしろ,カミヤシロ,か,
kanagawa-kanagawa-yokohamashi,かながわ,カナガワ,か,
kanagawashinmachi-kanagawa-yokohamashi,かながわしんまち,カナガワシンマチ,か,
kanda-nagasaki-sasamachi,こうだ,コウダ,か,神田=こうだ（松浦鉄道） 要確認
kanda-tokyo-chiyodaku,かんだ,カンダ,か,
kandachi-ibaraki-tsuchiurashi,かんだち,カンダチ,か,
kanda（koutsuukyokumae）-kagoshima-kagoshimashi,しんでん（こうつうきょくまえ）,シンデン（コウツウキョクマエ）,さ,神田=しんでん（鹿児島市電）
kanekefuchi-tokyo-sumidaku,かねがふち,カネガフチ,か,
kankehara-gifu-sekigaharamachi,せきがはら,セキガハラ,さ,
kanmata-fukushima-tamurashi,かんまた,カンマタ,か,
kannabe-hiroshima-fukuyamashi,かんなべ,カンナベ,か,神辺=かんなべ
kanno-hyogo-kakogawashi,かんの,カンノ,か,神野=かんの
kannomiya-mie-tsushi,せきのみや,セキノミヤ,さ,
kanyuushahikosan-fukuoka-soedamachi,かんゆうしゃひこさん,カンユウシャヒコサン,か,
kanzaki-saga-kanzakishi,かんざき,カンザキ,か,
kanzakigawa-osaka-oosakashi,かんざきがわ,カンザキガワ,か,
kan々saka-kumamoto-kumamotoshi,かんかんざか,カンカンザカ,か,韓々坂=かんかんざか
kashiharajinguumae-nara-kashiharashi,かしはらじんぐうまえ,カシハラジングウマエ,か,
kashiharajinguunishiguchi-nara-kashiharashi,かしはらじんぐうにしぐち,カシハラジングウニシグチ,か,
kashiijinguu-fukuoka-fukuokashi,かしいじんぐう,カシイジングウ,か,
kashimajinguu-ibaraki-kashimashi,かしまじんぐう,カシマジングウ,か,
kashimasakkaasutajiamu-ibaraki-kashimashi,かしまさっかーすたじあむ,カシマサッカースタジアム,か,
kashiwanohakyanpasu-chiba-kashiwashi,かしわのはきゃんぱす,カシワノハキャンパス,か,
kasumigaseki-saitama-kawagoeshi,かすみがせき,カスミガセキ,か,
kasumigaseki-tokyo-chiyodaku,かすみがせき,カスミガセキ,か,
kasumikeoka-hyogo-koubeshi,かすみがおか,カスミガオカ,か,
kasumikeoka-nara-ikomashi,かすみがおか,カスミガオカ,か,
kasumikeura-mie-yokkaichishi,かすみがうら,カスミガウラ,か,
katabiranotsuji-kyoto-kyoutoshi,かたびらのつじ,カタビラノツジ,か,
katasekounoshima-kanagawa-fujisawashi,かたせえのしま,カタセエノシマ,か,
kawanoe-ehime-shikokuchuuoushi,かわのえ,カワノエ,か,
kawarakehama-shiga-ootsushi,かわらがはま,カワラガハマ,か,
kazusaichinomiya-chiba-ichinomiyamachi,かずさいちのみや,カズサイチノミヤ,か,
keeburuenryakutera-shiga-ootsushi,けーぶるえんりゃくじ,ケーブルエンリャクジ,か,
keeburuhachimanguukuchi-kyoto-yahatashi,けーぶるはちまんぐうぐち,ケーブルハチマングウグチ,か,
keeburuhachimanguuyamagami-kyoto-yahatashi,けーぶるはちまんぐうさんじょう,ケーブルハチマングウサンジョウ,か,
keeburuhiei-kyoto-kyoutoshi,けーぶるひえい,ケーブルヒエイ,か,
keeburusakamoto-shiga-ootsushi,けーぶるさかもと,ケーブルサカモト,か,
keeburuyamagami-hyogo-kawanishishi,けーぶるさんじょう,ケーブルサンジョウ,か,
keeburuyase-kyoto-kyoutoshi,けーぶるやせ,ケーブルヤセ,か,八瀬=やせ
keikyuuhigashikanagawa-kanagawa-yokohamashi,けいきゅうひがしかながわ,ケイキュウヒガシカナガワ,か,
keiouhorinouchi-tokyo-hachioujishi,けいおうほりのうち,ケイオウホリノウチ,か,
keioutamasentaa-tokyo-tamashi,けいおうたませんたー,ケイオウタマセンター,か,
keiouyomiurirando-tokyo-inagishi,けいおうよみうりらんど,ケイオウヨミウリランド,か,
keisankagakusentaa-hyogo-koubeshi,けいさんかがくせんたー,ケイサンカガクセンター,か,
keiseihikifune-tokyo-sumidaku,けいせいひきふね,ケイセイヒキフネ,か,
kiboukeoka-kanagawa-yokohamashi,きぼうがおか,キボウガオカ,か,
kiikamiya-wakayama-takanomachi,きいかみや,キイカミヤ,か,
kiinakanoshima-wakayama-wakayamashi,きいなかのしま,キイナカノシマ,か,
kiiurakami-wakayama-nachikatsuuramachi,きいうらかみ,キイウラカミ,か,
kinkesaki-iwate-kanegasakimachi,かねがさき,カネガサキ,か,
kinohon-shiga-nagahamashi,きのもと,キノモト,か,
kinokawa-wakayama-wakayamashi,きのかわ,キノカワ,か,
kinoshita-nagano-minowamachi,きのした,キノシタ,か,
kirishimajinguu-kagoshima-kirishimashi,きりしまじんぐう,キリシマジングウ,か,
kishimojinmae-tokyo-toshimaku,きしぼじんまえ,キシボジンマエ,か,
kitachigasaki-kanagawa-chigasakishi,きたちがさき,キタチガサキ,か,
kitahorinouchi-niigata-uonumashi,きたほりのうち,キタホリノウチ,か,
kitakinkesawa-aomori-fukauramachi,きたかねがさわ,キタカネガサワ,か,
kitakoube-gifu-koubemachi,きたごうど,キタゴウド,か,神戸=ごうど（岐阜県の読み）
kitashin.matsumotodaigakumae-nagano-matsumotoshi,きたしん・まつもとだいがくまえ,キタシン・マツモトダイガクマエ,か,中黒は駅名の一部
kitsunekesaki-shizuoka-shizuokashi,きつねがさき,キツネガサキ,か,
kiyoshikoujin-hyogo-takarazukashi,きよしこうじん,キヨシコウジン,か,
koganejoushi-chiba-matsudoshi,こがねじょうし,コガネジョウシ,か,小金城趾=こがねじょうし
koigakubo-tokyo-kokubunjishi,こいがくぼ,コイガクボ,か,
kokusaisentaa-aichi-nagoyashi,こくさいせんたー,コクサイセンター,か,
kokusaisentaa-miyagi-sendaishi,こくさいせんたー,コクサイセンター,か,
komagane-nagano-komaganeshi,こまがね,コマガネ,か,
komakegaku-hokkaido-morimachi,こまがたけ,コマガタケ,か,
komakehayashi-hyogo-koubeshi,こまがばやし,コマガバヤシ,か,駒ヶ林=こまがばやし
komakemine-fukushima-shinjimachi,こまがみね,コマガミネ,か,
komaketani-osaka-habikinoshi,こまがたに,コマガタニ,か,
komenotsu-kagoshima-izumishi,こめのつ,コメノツ,か,
komurajinjamae-kochi-hidakamura,こむらじんじゃまえ,コムラジンジャマエ,か,
koshigayareikutaun-saitama-koshigayashi,こしがやれいくたうん,コシガヤレイクタウン,か,
kosumosukuea-osaka-oosakashi,こすもすくえあ,コスモスクエア,か,
koube-aichi-taharashi,かんべ,カンベ,か,神戸=かんべ（豊橋鉄道）
koube-gunma-midorishi,ごうど,ゴウド,か,神戸=ごうど（わたらせ渓谷鉄道）
koube-hyogo-koubeshi,こうべ,コウベ,か,
koubekuukou-hyogo-koubeshi,こうべくうこう,コウベクウコウ,か,
koubesannomiya-hyogo-koubeshi,こうべさんのみや,コウベサンノミヤ,か,
koumi-gifu-motosushi,こうみ,コウミ,か,
kounoshima-kanagawa-fujisawashi,えのしま,エノシマ,あ,江ノ島=えのしま
kounotorinosato-hyogo-toyookashi,こうのとりのさと,コウノトリノサト,か,
kousokukoube-hyogo-koubeshi,こうそくこうべ,コウソクコウベ,か,
koutsuusentaamae-wakayama-wakayamashi,こうつうせんたーまえ,コウツウセンターマエ,か,
kouyagorufubamae-hyogo-mikishi,ひろのごるふじょうまえ,ヒロノゴルフジョウマエ,は,
kouyukihara-oita-yuushi,むかいのはる,ムカイノハル,ま,向之原=むかいのはる
kumagane-miyagi-sendaishi,くまがね,クマガネ,か,
kumamotojou.shiyakushomae-kumamoto-kumamotoshi,くまもとじょう・しやくしょまえ,クマモトジョウ・シヤクショマエ,か,中黒は駅名の一部
kumayukishiro-kagoshima-satsumasendaishi,くまのじょう,クマノジョウ,か,
kunkehama-chiba-choushishi,きみがはま,キミガハマ,か,
kurepootopia-hiroshima-kureshi,くれぽーとぴあ,クレポートピア,か,
kurumazakijinja-kyoto-kyoutoshi,くるまざきじんじゃ,クルマザキジンジャ,か,車折=くるまざき
kushikehama-yamaguchi-shuuminamiichi,くしがはま,クシガハマ,か,
kuukoudai2biru-chiba-naritashi,くうこうだいにびる,クウコウダイニビル,か,
kyoukese-niigata-aganoichi,きょうがせ,キョウガセ,か,
kyouseramae-shiga-higashioumishi,きょうせらまえ,キョウセラマエ,か,
kyuukaniryousentaamae-toyama-takaokashi,きゅうかんいりょうせんたーまえ,キュウカンイリョウセンターマエ,か,
kyuukyoryuuchi.daimarumae-hyogo-koubeshi,きゅうきょりゅうち・だいまるまえ,キュウキョリュウチ・ダイマルマエ,か,中黒は駅名の一部
kyuunohama-fukushima-iwakishi,ひさのはま,ヒサノハマ,は,久ノ浜=ひさのはま
maeyukihama-kagoshima-kagoshimashi,まえのはま,マエノハマ,ま,
makino-shiga-takashimashi,まきの,マキノ,ま,
manketsuka-miyazaki-miyakonojoushi,まんがつか,マンガツカ,ま,
marinpaaku-hyogo-koubeshi,まりんぱーく,マリンパーク,ま,
marunouchi-aichi-kiyosushi,まるのうち,マルノウチ,ま,
matsuefoogerupaaku-shimane-matsueshi,まつえふぉーげるぱーく,マツエフォーゲルパーク,ま,
matsueingurisshugaadenmae-shimane-matsueshi,まつえいんぐりっしゅがーでんまえ,マツエイングリッシュガーデンマエ,ま,
matsugasaki-kyoto-kyoutoshi,まつがさき,マツガサキ,ま,
matsugasaki-mie-matsusakashi,まつがさき,マツガサキ,ま,
matsukami-aomori-fukauramachi,まつかみ,マツカミ,ま,
matsukeura-kagoshima-minamikyuushuushi,まつがうら,マツガウラ,ま,
matsunobaba-shiga-ootsushi,まつのばば,マツノババ,ま,
matsunohama-osaka-izumiootsushi,まつのはま,マツノハマ,ま,
matsuotaisha-kyoto-kyoutoshi,まつおたいしゃ,マツオタイシャ,ま,
mayakeeburu-hyogo-koubeshi,まやけーぶる,マヤケーブル,ま,
medikarusentaa-nagasaki-nagasakishi,めでぃかるせんたー,メディカルセンター,ま,
mefujinja-hyogo-takarazukashi,めふじんじゃ,メフジンジャ,ま,
meijijinguumae-tokyo-shibuyaku,めいじじんぐうまえ,メイジジングウマエ,ま,
michinoo-nagasaki-nagasakishi,みちのお,ミチノオ,ま,
mikunijinja-fukui-sakaishi,みくにじんじゃ,ミクニジンジャ,ま,三国=みくに
mikunikeoka-osaka-sakaishi,みくにがおか,ミクニガオカ,ま,
minamiasaketani-tokyo-suginamiku,みなみあさがや,ミナミアサガヤ,ま,
minamiasomizunoumarerusatoshirouzukougen-kumamoto-minamiasomura,みなみあそみずのうまれるさとはくすいこうげん,ミナミアソミズノウマレルサトハクスイコウゲン,ま,白水=はくすい
minamihatoketani-saitama-kawaguchishi,みなみはとがや,ミナミハトガヤ,ま,
minamikamijou-nagano-hakubamura,みなみかみしろ,ミナミカミシロ,ま,
minamimachidaguranberiipaaku-tokyo-machidashi,みなみまちだぐらんべりーぱーく,ミナミマチダグランベリーパーク,ま,
minamiuddeitaun-hyogo-mitashi,みなみうっでぃたうん,ミナミウッディタウン,ま,
misotenjinmae-kumamoto-kumamotoshi,みそてんじんまえ,ミソテンジンマエ,ま,
miyajimabootoreesuba-hiroshima-hatsukaichishi,みやじまぼーとれーすじょう,ミヤジマボートレースジョウ,ま,
miyakehama-kagoshima-ibusukishi,みやがはま,ミヤガハマ,ま,
miyanoetsu-nagano-kisomachi,みやのこし,ミヤノコシ,ま,
miyanomae-tokyo-arakawaku,みやのまえ,ミヤノマエ,ま,
miyanoshita-kanagawa-hakonemachi,みやのした,ミヤノシタ,ま,
miyanotaira-tokyo-oumeshi,みやのひら,ミヤノヒラ,ま,
miyayukisaka-osaka-hirakatashi,みやのさか,ミヤノサカ,ま,
miyazakijinguu-miyazaki-miyazakishi,みやざきじんぐう,ミヤザキジングウ,ま,
miyoshikeoka-aichi-miyoshishi,みよしがおか,ミヨシガオカ,ま,
mizuumiyuukanshineki-shimane-izumoshi,こゆうかんしんえき,コユウカンシンエキ,か,湖遊館=こゆうかん
monkoyakujin-hyogo-nishinomiyashi,もんどやくじん,モンドヤクジン,ま,門戸=もんど
monoreeruhamamatsuchou-tokyo-minatoku,ものれーるはままつちょう,モノレールハママツチョウ,ま,町=ちょう
moreragifu-gifu-motosushi,もれらぎふ,モレラギフ,ま,
morinomiya-osaka-oosakashi,もりのみや,モリノミヤ,ま,
moriuchikasakami-yamaguchi-iwakunishi,もりうちかさかみ,モリウチカサカミ,ま,守内かさ神=もりうちかさかみ
motomachi.chuukagai-kanagawa-yokohamashi,もとまち・ちゅうかがい,モトマチ・チュウカガイ,ま,中黒は駅名の一部
mukonosou-hyogo-amagasakishi,むこのそう,ムコノソウ,ま,
mukougaoka-aichi-toyohashishi,むこうがおか,ムコウガオカ,ま,
mukougaokayuuen-kanagawa-kawasakishi,むこうがおかゆうえん,ムコウガオカユウエン,ま,
musashimizonokuchi-kanagawa-kawasakishi,むさしみぞのくち,ムサシミゾノクチ,ま,
myoujin-tochigi-nikkoushi,みょうじん,ミョウジン,ま,
nagaokatenjin-kyoto-nagaokakyoushi,ながおかてんじん,ナガオカテンジン,な,
nagareyamasentorarupaaku-chiba-nagareyamashi,ながれやませんとらるぱーく,ナガレヤマセントラルパーク,な,
nagashimadamu-shizuoka-kawanehonmachi,ながしまだむ,ナガシマダム,な,
nagoyadoomumaeyada-aichi-nagoyashi,なごやどーむまえやだ,ナゴヤドームマエヤダ,な,
naikekan-niigata-ojiyashi,うちがまき,ウチガマキ,あ,
naiyukita-miyazaki-nichinanshi,うちのた,ウチノタ,あ,
nakagami-tokyo-akishimashi,なかがみ,ナカガミ,な,
nakanojou-gunma-nakanojoumachi,なかのじょう,ナカノジョウ,な,
nakanomachi-chiba-choushishi,なかのまち,ナカノマチ,な,
nakanosawa-hokkaido-oshamanbemachi,なかのさわ,ナカノサワ,な,
nakanoshou-shiga-ootsushi,なかのしょう,ナカノショウ,な,
nakayukisato-mie-toppashi,なかのごう,ナカノゴウ,な,
nakayukishima-osaka-oosakashi,なかのしま,ナカノシマ,な,
namekawaairando-chiba-kachiurashi,なめがわあいらんど,ナメガワアイランド,な,
nanatsuya-ishikawa-kanazawashi,ななつや,ナナツヤ,な,
naruo.mukogawajoshidaimae-hyogo-nishinomiyashi,なるお・むこがわじょしだいまえ,ナルオ・ムコガワジョシダイマエ,な,中黒は駅名の一部
nezumikekan-yamagata-tsuruokashi,ねずがせき,ネズガセキ,な,
nichinodemachi-kanagawa-yokohamashi,ひのでちょう,ヒノデチョウ,は,日ノ出町=ひのでちょう 町=ちょう
niijima々-nagano-matsumotoshi,しんしましま,シンシマシマ,さ,新島々=しんしましま
nijinomatsubara-saga-karatsushi,にじのまつばら,ニジノマツバラ,な,
ninkeoka-osaka-shijounawateshi,しのぶがおか,シノブガオカ,さ,忍ヶ丘=しのぶがおか
ninose-kyoto-kyoutoshi,にのせ,ニノセ,な,
nipponrainimawatari-gifu-kanishi,にほんらいんいまわたり,ニホンラインイマワタリ,な,
nisatokehama-wakayama-wakayamashi,にりがはま,ニリガハマ,な,
niseko-hokkaido-nisekomachi,にせこ,ニセコ,な,
nishieikeshima-hyogo-akashishi,にしえいがしま,ニシエイガシマ,な,
nishiharukouhaatopia-fukui-sakaishi,にしはるえはーとぴあ,ニシハルエハートピア,な,
nishiisahaya-nagasaki-soushi,にしいさはや,ニシイサハヤ,な,
nishikehara-tokyo-kitaku,にしがはら,ニシガハラ,な,
nishikeharashiteime-tokyo-kitaku,にしがはらよんちょうめ,ニシガハラヨンチョウメ,な,
nishikehou-kochi-yonmanjuushi,にしがほう,ニシガホウ,な,
nishinokuchi-aichi-tokonameshi,にしのくち,ニシノクチ,な,
nishinokyou-nara-narashi,にしのきょう,ニシノキョウ,な,
nishinoshou-wakayama-wakayamashi,にしのしょう,ニシノショウ,な,
nishitetsufukuoka（tenjin）-fukuoka-fukuokashi,にしてつふくおか（てんじん）,ニシテツフクオカ（テンジン）,な,
nitsui-akita-noshiroshi,ふたつい,フタツイ,は,
nitsuiri-aichi-kiyosushi,ふたついり,フタツイリ,は,
nochi-okayama-niimishi,のち,ノチ,な,
nodahanshin-osaka-oosakashi,のだはんしん,ノダハンシン,な,
noginama-yamanashi-tsurushi,かせい,カセイ,か,禾生=かせい
noofookuhiroba-fukuoka-kitakyuushuushi,のーふぉーくひろば,ノーフォークヒロバ,な,
numanohaji-hokkaido-tomakomaishi,ぬまのはた,ヌマノハタ,な,
ochanomizu-tokyo-bunkyouku,おちゃのみず,オチャノミズ,あ,
ochanomizu-tokyo-chiyodaku,おちゃのみず,オチャノミズ,あ,
odakyuutamasentaa-tokyo-tamashi,おだきゅうたませんたー,オダキュウタマセンター,あ,
oginoshiro-niigata-izumozakimachi,おぎのじょう,オギノジョウ,あ,
ona-shizuoka-hamamatsushi,おな,オナ,あ,
ookawadamukouen-fukushima-aizuwakamatsushi,おおかわだむこうえん,オオカワダムコウエン,あ,
ookusukanarupaakuhoterutoyamamae-toyama-toyamashi,おーくすかなるぱーくほてるとやままえ,オークスカナルパークホテルトヤママエ,あ,
oomori.kinjougakuinmae-aichi-nagoyashi,おおもり・きんじょうがくいんまえ,オオモリ・キンジョウガクインマエ,あ,中黒は駅名の一部
oosakabijinesupaaku-osaka-oosakashi,おおさかびじねすぱーく,オオサカビジネスパーク,あ,
ootemooru-toyama-toyamashi,おおてもーる,オオテモール,あ,
ootsuka.teikyoudaigaku-tokyo-hachioujishi,おおつか・ていきょうだいがく,オオツカ・テイキョウダイガク,あ,中黒は駅名の一部
ooyamakeeburu-kanagawa-iseharashi,おおやまけーぶる,オオヤマケーブル,あ,
orenjitaun-kagawa-sanukishi,おれんじたうん,オレンジタウン,あ,
oujikamiya-tokyo-kitaku,おうじかみや,オウジカミヤ,あ,
oumijinguumae-shiga-ootsushi,おうみじんぐうまえ,オウミジングウマエ,あ,
poototaaminaru-hyogo-koubeshi,ぽーとたーみなる,ポートターミナル,は,
poototaunhigashi-osaka-oosakashi,ぽーとたうんひがし,ポートタウンヒガシ,は,
poototaunnishi-osaka-oosakashi,ぽーとたうんにし,ポートタウンニシ,は,
randentenjinkawa-kyoto-kyoutoshi,らんでんてんじんがわ,ランデンテンジンガワ,ら,嵐電=らんでん
reiwakosutayukuhashi-fukuoka-yukuhashishi,れいわこすたゆくはし,レイワコスタユクハシ,ら,令和=れいわ
rikuzenharanomachi-miyagi-sendaishi,りくぜんはらのまち,リクゼンハラノマチ,ら,
rinkuutaun-osaka-izumisanoshi,りんくうたうん,リンクウタウン,ら,
ritsukehana-nagano-naganoshi,たてがはな,タテガハナ,た,
rizootogeetouei･suteeshon-chiba-urayasushi,りぞーとげーとうぇい・すてーしょん,リゾートゲートウェイ・ステーション,ら,
roizutaun-hokkaido-toubetsumachi,ろいずたうん,ロイズタウン,ら,
rokkoukeeburushita-hyogo-koubeshi,ろっこうけーぶるした,ロッコウケーブルシタ,ら,下=した
roopuueiiriguchi-hokkaido-sapporoshi,ろーぷうぇいいりぐち,ロープウェイイリグチ,ら,
ryuugasaki-ibaraki-ryuugasakishi,りゅうがさき,リュウガサキ,ら,
ryuukemizu-kagoshima-kagoshimashi,りゅうがみず,リュウガミズ,ら,
ryuukesakishi-ibaraki-ryuugasakishi,りゅうがさきし,リュウガサキシ,ら,
ryuukokutoyamakoukoumae（eirakuchou）-toyama-toyamashi,りゅうこくとやまこうこうまえ（えいらくちょう）,リュウコクトヤマコウコウマエ（エイラクチョウ）,ら,龍谷=りゅうこく 町=ちょう
ryuutsuusentaa-tokyo-ootaku,りゅうつうせんたー,リュウツウセンター,ら,
saginomiya-tokyo-nakanoku,さぎのみや,サギノミヤ,さ,
saisen9jouasahiyamakouentoori-hokkaido-sapporoshi,にしせんくじょうあさひやまこうえんどおり,ニシセンクジョウアサヒヤマコウエンドオリ,な,
saishinchuuou-hyogo-koubeshi,せいしんちゅうおう,セイシンチュウオウ,さ,
saishinminami-hyogo-koubeshi,せいしんみなみ,セイシンミナミ,さ,西神=せいしん
saishinraku-hokkaido-asahikawashi,にしかぐら,ニシカグラ,な,
saishuniryousentaamae-kumamoto-koushishi,さいしゅんいりょうせんたーまえ,サイシュンイリョウセンターマエ,さ,再春=さいしゅん
sakanoshi-oita-ooitashi,さかのいち,サカノイチ,さ,
sakayukiue-kagoshima-kagoshimashi,さかのうえ,サカノウエ,さ,
sakuragaoka-kanagawa-yamatoshi,さくらがおか,サクラガオカ,さ,
sakuranomiya-osaka-oosakashi,さくらのみや,サクラノミヤ,さ,
sakuuminokuchi-nagano-nanmokumura,さくうみのくち,サクウミノクチ,さ,
sandoomunishi-fukui-sabaeshi,さんどーむにし,サンドームニシ,さ,
sangyoushinkousentaa-kanagawa-yokohamashi,さんぎょうしんこうせんたー,サンギョウシンコウセンター,さ,
sanjuuhachisha-fukui-sabaeshi,さんじゅうはっしゃ,サンジュウハッシャ,さ,
sankemori-fukuoka-kitakyuushuushi,さんがもり,サンガモリ,さ,
sankene-aichi-koudamachi,さんがね,サンガネ,さ,
sankenichi-shizuoka-hamamatsushi,みっかび,ミッカビ,ま,
sankeyamaguchi-osaka-kaizukashi,さんがやまぐち,サンガヤマグチ,さ,
sannomiya-hyogo-koubeshi,さんのみや,サンノミヤ,さ,
sannomiya.hanadokeimae-hyogo-koubeshi,さんのみや・はなどけいまえ,サンノミヤ・ハナドケイマエ,さ,中黒は駅名の一部
sannowa-tokyo-taitouku,みのわ,ミノワ,ま,
sannowahashi-tokyo-arakawaku,みのわばし,ミノワバシ,ま,橋=ばし
santsuishi-kumamoto-koushishi,みついし,ミツイシ,ま,
santsumatsu-osaka-kaizukashi,みつまつ,ミツマツ,ま,
santsusakai-kanagawa-yokohamashi,みつきょう,ミツキョウ,ま,三ツ境=みつきょう
santsusawakamimachi-kanagawa-yokohamashi,みつざわかみちょう,ミツザワカミチョウ,ま,町=ちょう
santsusawashitamachi-kanagawa-yokohamashi,みつざわしもちょう,ミツザワシモチョウ,ま,町=ちょう
santsuya-ishikawa-kanazawashi,みつや,ミツヤ,ま,
sapporobiiruteien-hokkaido-eniwashi,さっぽろびーるていえん,サッポロビールテイエン,さ,
sasashimaraibu-aichi-nagoyashi,ささしまらいぶ,ササシマライブ,さ,
sassa-nagasaki-sasamachi,さざ,サザ,さ,佐々=さざ 々展開
sawanomachi-osaka-oosakashi,さわのちょう,サワノチョウ,さ,町=ちょう 要確認
sayamakeoka-saitama-tokorozawashi,さやまがおか,サヤマガオカ,さ,
seikantonnerukinenkan-aomori-sotohamachou,せいかんとんねるきねんかん,セイカントンネルキネンカン,さ,
seikei-shiga-maibarashi,さめがい,サメガイ,さ,
seisekisakuragaoka-tokyo-tamashi,せいせきさくらがおか,セイセキサクラガオカ,さ,
sendagaya-tokyo-shibuyaku,せんだがや,センダガヤ,さ,
senryouketaki-nagasaki-saseboshi,せんりゅうがたき,センリュウガタキ,さ,
sentaakita-kanagawa-yokohamashi,せんたーきた,センターキタ,さ,
sentaaminami-kanagawa-yokohamashi,せんたーみなみ,センターミナミ,さ,
shadai-hokkaido-shiraoimachi,しゃだい,シャダイ,さ,社台=しゃだい
shake-kanagawa-ebinashi,しゃけ,シャケ,さ,
shakujiikouen-tokyo-nerimaku,しゃくじいこうえん,シャクジイコウエン,さ,
shamachi-hyogo-katoushi,やしろちょう,ヤシロチョウ,や,要確認
shichikegakutozanguchi-fukushima-minamiaizumachi,ななつがたけとざんぐち,ナナツガタケトザングチ,な,
shichirikehama-kanagawa-kamakurashi,しちりがはま,シチリガハマ,さ,
shimajinmei-mie-shimashi,しましんめい,シマシンメイ,さ,
shimakehara-mie-igashi,しまがはら,シマガハラ,さ,
shimanokan-shiga-ootsushi,しまのせき,シマノセキ,さ,
shimonogou-nagano-uedashi,しものごう,シモノゴウ,さ,
shimousakanzaki-chiba-kanzakimachi,しもうさこうざき,シモウサコウザキ,さ,
shinagawashiisaido-tokyo-shinagawaku,しながわしーさいど,シナガワシーサイド,さ,
shinami-yamaguchi-ubeshi,きわ,キワ,か,岐波=きわ
shinkamaketani-chiba-kamagayashi,しんかまがや,シンカマガヤ,さ,
shinkoube-hyogo-koubeshi,しんこうべ,シンコウベ,さ,
shinkyuudaigakumae-kyoto-minaminishi,しんきゅうだいがくまえ,シンキュウダイガクマエ,さ,鍼灸=しんきゅう
shinmeichou-osaka-sakaishi,しんめいちょう,シンメイチョウ,さ,町=ちょう
shinnokuchi-nara-kashiharashi,しんのくち,シンノクチ,さ,
shinnouhara-gunma-tomiokashi,かのはら,カノハラ,か,
shinochanomizu-tokyo-chiyodaku,しんおちゃのみず,シンオチャノミズ,さ,
shinokawa-kumamoto-asoshi,いちのかわ,イチノカワ,あ,
shinonoi-nagano-naganoshi,しののい,シノノイ,さ,
shinose-yamanashi-minobumachi,いちのせ,イチノセ,あ,
shinryou-aichi-kasugaishi,じんりょう,ジンリョウ,さ,神領=じんりょう
shinsounoki-toyama-kamiichimachi,しんあいのき,シンアイノキ,さ,相ノ木=あいのき
shintetsudoujou-hyogo-koubeshi,しんてつどうじょう,シンテツドウジョウ,さ,神鉄=しんてつ
shintetsurokkou-hyogo-koubeshi,しんてつろっこう,シンテツロッコウ,さ,
shinyurikeoka-kanagawa-kawasakishi,しんゆりがおか,シンユリガオカ,さ,百合=ゆり
shinzen-kagawa-sanukishi,かんざき,カンザキ,か,神前=かんざき（ことでん）
shinzen-wakayama-wakayamashi,こうざき,コウザキ,か,神前=こうざき（和歌山電鐵）
shinzoukekkansentaa-gunma-maebashishi,しんぞうけっかんせんたー,シンゾウケッカンセンター,さ,
shionomiya-osaka-kawachinaganoshi,しおのみや,シオノミヤ,さ,
shioyukisawa-yamanashi-minobumachi,しおのさわ,シオノサワ,さ,
shirakamigakutozanguchi-aomori-fukauramachi,しらかみだけとざんぐち,シラカミダケトザングチ,さ,岳=だけ
shiritsutaiikukanmae（kenchoutoori）-kumamoto-kumamotoshi,しりつたいいくかんまえ（けんちょうどおり）,シリツタイイクカンマエ（ケンチョウドオリ）,さ,
shiromikeoka-chiba-ootakimachi,しろみがおか,シロミガオカ,さ,
shiroukehara-yamaguchi-mineshi,しろうがはら,シロウガハラ,さ,
shishigayaookura-tokyo-setagayaku,そしがやおおくら,ソシガヤオオクラ,さ,祖師ヶ谷=そしがや
shitajinmei-tokyo-shinagawaku,しもしんめい,シモシンメイ,さ,
shitanokou-oita-kyuushoshi,したのえ,シタノエ,さ,
shitennoujimaeyuuhikeoka-osaka-oosakashi,してんのうじまえゆうひがおか,シテンノウジマエユウヒガオカ,さ,前=まえ
shitsuhashi-osaka-oosakashi,よつばし,ヨツバシ,や,四ツ橋=よつばし
shitsuki-tokyo-katsushikaku,よつぎ,ヨツギ,や,
shitsukoya-akita-akitashi,よつごや,ヨツゴヤ,や,
shitsukura-fukushima-iwakishi,よつくら,ヨツクラ,や,
shitsutani-tokyo-chiyodaku,よつや,ヨツヤ,や,
shitsutani-tokyo-shinjukuku,よつや,ヨツヤ,や,
shouinjinjamae-tokyo-setagayaku,しょういんじんじゃまえ,ショウインジンジャマエ,さ,神社=じんじゃ
shoukousentaairiguchi-hiroshima-hiroshimashi,しょうこうせんたーいりぐち,ショウコウセンターイリグチ,さ,
sodegaura-chiba-sodegaurashi,そでがうら,ソデガウラ,さ,
sonamikami-miyagi-ishinomakishi,そばかみ,ソバカミ,さ,曽波神=そばかみ
soshioryuutsuusentaa-saitama-kumagayashi,そしおりゅうつうせんたー,ソシオリュウツウセンター,さ,
soudai-mie-matsusakashi,こいしろ,コイシロ,か,漕代=こいしろ
sougourihabirisentaa-aichi-nagoyashi,そうごうりはびりせんたー,ソウゴウリハビリセンター,さ,
souja-okayama-soushashi,そうじゃ,ソウジャ,さ,
sounoki-toyama-kamiichimachi,あいのき,アイノキ,あ,
sounono-akita-yokoteshi,あいのの,アイノノ,あ,相野々=あいのの 々展開
sukekuchi-aichi-kiyosushi,すかぐち,スカグチ,さ,
sukuriin-shiga-hikoneshi,すくりーん,スクリーン,さ,
suminoekouen-osaka-oosakashi,すみのえこうえん,スミノエコウエン,さ,
sumiyoshitaisha-osaka-oosakashi,すみよしたいしゃ,スミヨシタイシャ,さ,
supeesuwaarudo-fukuoka-kitakyuushuushi,すぺーすわーるど,スペースワールド,さ,
supootsukouen-fukui-etsuzenshi,すぽーつこうえん,スポーツコウエン,さ,
supootsusentaa-chiba-chibashi,すぽーつせんたー,スポーツセンター,さ,
suwajinja-nagasaki-nagasakishi,すわじんじゃ,スワジンジャ,さ,
suwanomori-osaka-sakaishi,すわのもり,スワノモリ,さ,
suwanotaira-aomori-nanbumachi,すわのたいら,スワノタイラ,さ,
suzukasaakittoinao-mie-suzukashi,すずかさーきっといのう,スズカサーキットイノウ,さ,稲生=いのう
tagataishamae-shiga-tagamachi,たがたいしゃまえ,タガタイシャマエ,た,
tainohama-tokushima-minamimachi,たいのはま,タイノハマ,た,
tainose-wakayama-wakayamashi,たいのせ,タイノセ,た,
takami-gifu-gifushi,たがみ,タガミ,た,
takaminosato-osaka-matsubarashi,たかみのさと,タカミノサト,た,高見ノ里=たかみのさと
takanawageetouei-tokyo-minatoku,たかなわげーとうぇい,タカナワゲートウェイ,た,
takanoko-ehime-matsuyamashi,たかのこ,タカノコ,た,
takanomiya-shimane-matsueshi,たかのみや,タカノミヤ,た,
takanosu-akita-kitaakitashi,たかのす,タカノス,た,
takarakeike-kyoto-kyoutoshi,たからがいけ,タカラガイケ,た,
takasujinja-osaka-sakaishi,たかすじんじゃ,タカスジンジャ,た,
takenjinjamae-aichi-omakishi,たがたじんじゃまえ,タガタジンジャマエ,た,
takenotsuka-tokyo-adachiku,たけのつか,タケノツカ,た,
takeyukihashi-kagoshima-kagoshimashi,たけのはし,タケノハシ,た,武之橋=たけのはし
takinokan-akita-hachiminemachi,たきのま,タキノマ,た,
takinoue-hokkaido-yuubarishi,たきのうえ,タキノウエ,た,
tamanoi-aichi-ichinomiyashi,たまのい,タマノイ,た,
tamapuraaza-kanagawa-yokohamashi,たまぷらーざ,タマプラーザ,た,
tamasentaa-tokyo-tamashi,たませんたー,タマセンター,た,
tamayukikou-ehime-saijoushi,たまのえ,タマノエ,た,
tanboaato-aomori-inakadatemura,たんぼあーと,タンボアート,た,
tangokanzaki-kyoto-maizurushi,たんごかんざき,タンゴカンザキ,た,
taniyukikuchi-miyazaki-nichinanshi,たにのくち,タニノクチ,た,
tanosato-kochi-susakishi,たのごう,タノゴウ,た,多ノ郷=たのごう
taroumaruenzerurando-fukui-sakaishi,たろうまるえんぜるらんど,タロウマルエンゼルランド,た,
tatsumikeoka-aichi-aguimachi,たつみがおか,タツミガオカ,た,
tekunosakaki-nagano-sakakimachi,てくのさかき,テクノサカキ,た,
tenjin-fukuoka-fukuokashi,てんじん,テンジン,た,
tenjinbashisujirokuchoume-osaka-oosakashi,てんじんばしすじろくちょうめ,テンジンバシスジロクチョウメ,た,
tenjinkawa-hiroshima-hiroshimashi,てんじんがわ,テンジンガワ,た,川=がわ
tenjinminami-fukuoka-fukuokashi,てんじんみなみ,テンジンミナミ,た,
tenjinnomori-osaka-oosakashi,てんじんのもり,テンジンノモリ,た,
tenjinyama-oita-yuushi,てんじんやま,テンジンヤマ,た,
tenkese-oita-nittashi,あまがせ,アマガセ,あ,
tennouzuairu-tokyo-shinagawaku,てんのうずあいる,テンノウズアイル,た,洲=ず
tenoko-yamagata-iidemachi,てのこ,テノコ,た,
tenou-hiroshima-kureshi,てんのう,テンノウ,た,天応=てんのう
terekomusentaa-tokyo-koutouku,てれこむせんたー,テレコムセンター,た,
tetsunai-kochi-kouchishi,こうない,コウナイ,か,咥内=こうない
todenzatsutsukasaketani-tokyo-toshimaku,とでんぞうしがや,トデンゾウシガヤ,た,
tokushige.nagoyageidai-aichi-kitanagoyashi,とくしげ・なごやげいだい,トクシゲ・ナゴヤゲイダイ,た,中黒は駅名の一部
tomamu-hokkaido-shimukappumura,とまむ,トマム,た,
toranomon-tokyo-minatoku,とらのもん,トラノモン,た,
toranomonhiruzu-tokyo-minatoku,とらのもんひるず,トラノモンヒルズ,た,
toreedosentaamae-osaka-oosakashi,とれーどせんたーまえ,トレードセンターマエ,た,
torinoki-ehime-iyoshi,とりのき,トリノキ,た,
torokkoarashiyama-kyoto-kyoutoshi,とろっこあらしやま,トロッコアラシヤマ,た,
torokkohozukyou-kyoto-kyoutoshi,とろっこほづきょう,トロッコホヅキョウ,た,
torokkokameoka-kyoto-kameokashi,とろっこかめおか,トロッコカメオカ,た,
torokkosaga-kyoto-kyoutoshi,とろっこさが,トロッコサガ,た,
tottorinosou-osaka-hannanshi,とっとりのしょう,トットリノショウ,た,
toubuwaarudosukuuea-tochigi-nikkoushi,とうぶわーるどすくうぇあ,トウブワールドスクウェア,た,
toujiin.ritsumeikandaigakukinugasakyanpasumae-kyoto-kyoutoshi,とうじいん・りつめいかんだいがくきぬがさきゃんぱすまえ,トウジイン・リツメイカンダイガクキヌガサキャンパスマエ,た,中黒は駅名の一部
toukakami-chiba-funabashishi,とうかいじん,トウカイジン,た,東海神=とうかいじん
toukyoubiggusaito-tokyo-koutouku,とうきょうびっぐさいと,トウキョウビッグサイト,た,
toukyoudizuniirando･suteeshon-chiba-urayasushi,とうきょうでぃずにーらんど・すてーしょん,トウキョウディズニーランド・ステーション,た,
toukyoudizuniishii･suteeshon-chiba-urayasushi,とうきょうでぃずにーしー・すてーしょん,トウキョウディズニーシー・ステーション,た,
toukyoukokusaikuruuzutaaminaru-tokyo-koutouku,とうきょうこくさいくるーずたーみなる,トウキョウコクサイクルーズターミナル,た,
toukyousukaitsurii-tokyo-sumidaku,とうきょうすかいつりー,トウキョウスカイツリー,た,
toukyouterepooto-tokyo-koutouku,とうきょうてれぽーと,トウキョウテレポート,た,
tounaminokou-ibaraki-shimozumashi,とばのえ,トバノエ,た,
tounosawa-kanagawa-hakonemachi,とうのさわ,トウノサワ,た,
tousousha-okayama-soushashi,ひがしそうじゃ,ヒガシソウジャ,は,
toyotamobiriteitoyamagsukueagofukumae（gofukusuehirochou）-toyama-toyamashi,とよたもびりてぃとやまじーすくえあごふくまえ（ごふくすえひろちょう）,トヨタモビリティトヤマジースクエアゴフクマエ（ゴフクスエヒロチョウ）,た,町=ちょう
tsuga.mikita-osaka-sakaishi,つが・みきた,ツガ・ミキタ,た,中黒は駅名の一部
tsunoi-tottori-tottorishi,つのい,ツノイ,た,
tsunomori-shimane-matsueshi,つのもり,ツノモリ,た,
tsurugamine-kanagawa-yokohamashi,つるがみね,ツルガミネ,た,鶴ヶ峰=つるがみね
tsurukeoka-osaka-oosakashi,つるがおか,ツルガオカ,た,
tsurukesaka-aomori-aomorishi,つるがさか,ツルガサカ,た,
tsurukeshima-saitama-kawagoeshi,つるがしま,ツルガシマ,た,
tsushimanomiya-kagawa-mitoyoshi,つしまのみや,ツシマノミヤ,た,
tsutsujigaoka-miyagi-sendaishi,つつじがおか,ツツジガオカ,た,
tsutsujikeoka-tokyo-choufushi,つつじがおか,ツツジガオカ,た,
tsuzumikeura-mie-suzukashi,つづみがうら,ツヅミガウラ,た,
uddeitaunchuuou-hyogo-mitashi,うっでぃたうんちゅうおう,ウッディタウンチュウオウ,あ,
uege-aichi-taketoyomachi,あげ,アゲ,あ,上ゲ=あげ
uenoshou-mie-matsusakashi,かみのしょう,カミノショウ,か,
uenotaishi-osaka-habikinoshi,かみのたいし,カミノタイシ,か,
uesupatsubakiyama-aomori-fukauramachi,うぇすぱつばきやま,ウェスパツバキヤマ,あ,椿山=つばきやま
ugoshitsuya-akita-daisenshi,うごよつや,ウゴヨツヤ,あ,
umekeoka-tokyo-setagayaku,うめがおか,ウメガオカ,あ,
umekesawa-miyagi-toyoneshi,うめがさわ,ウメガサワ,あ,
umeketani-mie-daiosamumachi,うめがたに,ウメガタニ,あ,
umeketouge-yamaguchi-shimonosekishi,うめがとうげ,ウメガトウゲ,あ,峠=とうげ
umigami-chiba-funabashishi,かいじん,カイジン,か,海神=かいじん（京成本線）
uminochuudou-fukuoka-fukuokashi,うみのなかみち,ウミノナカミチ,あ,
uminokuchi-nagano-oomachishi,うみのくち,ウミノクチ,あ,
unomachi-ehime-nishishi,うのまち,ウノマチ,あ,
uranosaki-saga-imarishi,うらのさき,ウラノサキ,あ,
ushigomekagurazaka-tokyo-shinjukuku,うしごめかぐらざか,ウシゴメカグラザカ,あ,
ushikehara-fukui-oonoshi,うしがはら,ウシガハラ,あ,
ushinohama-kagoshima-akuneshi,うしのはま,ウシノハマ,あ,
ushinotani-fukui-awarashi,うしのたに,ウシノタニ,あ,
uzumasatenjinkawa-kyoto-kyoutoshi,うずまさてんじんがわ,ウズマサテンジンガワ,あ,天神川=てんじんがわ
wani-shiga-ootsushi,わに,ワニ,わ,和邇=わに
yabukami-niigata-uonumashi,やぶかみ,ヤブカミ,や,藪神=やぶかみ
yagami-okayama-niimishi,やがみ,ヤガミ,や,
yagisawa.miyakotandai-iwate-miyafurushi,やぎさわ・みやこたんだい,ヤギサワ・ミヤコタンダイ,や,中黒は駅名の一部
yakujin-hyogo-kakogawashi,やくじん,ヤクジン,や,
yamanokuchi-miyazaki-miyakonojoushi,やまのくち,ヤマノクチ,や,
yamanome-iwate-ichizekishi,やまのめ,ヤマノメ,や,
yamanonai-hiroshima-shoubarashi,やまのうち,ヤマノウチ,や,
yamanonai-kyoto-kyoutoshi,やまのうち,ヤマノウチ,や,
yanagikeura-oita-usashi,やなぎがうら,ヤナギガウラ,や,
yasukokeshima-fukushima-kooriyamashi,あこがしま,アコガシマ,あ,安子ヶ島=あこがしま
yomiurirandomae-kanagawa-kawasakishi,よみうりらんどまえ,ヨミウリランドマエ,や,
yorunomori-fukushima-tomiokamachi,よのもり,ヨノモリ,や,夜ノ森=よのもり
yoshiminosato-osaka-tajirimachi,よしみのさと,ヨシミノサト,や,
yoshinojinguu-nara-yoshinomachi,よしのじんぐう,ヨシノジングウ,や,
yoshinokesatokouen-saga-yoshinosatomachi,よしのがりこうえん,ヨシノガリコウエン,や,
youtani-oita-hinodemachi,ようこく,ヨウコク,や,暘谷=ようこく
yuikehama-kanagawa-kamakurashi,ゆいがはま,ユイガハマ,や,
yumikehama-tottori-yonagoshi,ゆみがはま,ユミガハマ,や,
yunibaasarushitei-osaka-oosakashi,ゆにばーさるしてぃ,ユニバーサルシティ,や,
yunotouge-yamaguchi-sanyouonodashi,ゆのとうげ,ユノトウゲ,や,峠=とうげ
yurikeoka-kanagawa-kawasakishi,ゆりがおか,ユリガオカ,や,百合=ゆり
yuubikan-miyagi-oosakishi,ゆうびかん,ユウビカン,や,
yuuhikeurakitsuonsen-kyoto-kyoutangoshi,ゆうひがうらきつおんせん,ユウヒガウラキツオンセン,や,
yuukarigaoka-chiba-sakurashi,ゆーかりがおか,ユーカリガオカ,や,
yuyukimoto-kagoshima-hiokishi,ゆのもと,ユノモト,や,
zushi.hayama-kanagawa-zushishi,ずし・はやま,ズシ・ハヤマ,さ,中黒は駅名の一部
